1705335956 
635686931 
1710299913 
264800618 
240780274 
2009284683 
1838421391 
1453573332 
402481835 
1630545926 
317089691 
990854836 
902378139 
122688231 
1721850707 
1777310062 
452255146 
1200128987 
1189215975 
986704874 
1311782619 
575762422 
951274836 
1629112812 
1750971447 
1315518081 
1713196370 
1263620829 
619978150 
1491957500 
1889155606 
177830458 
2127644431 
1451971871 
442631077 
220941057 
1313772907 
133568820 
1674514389 
1716254742 
1764114747 
1991604080 
559625930 
519009238 
2114292312 
133992989 
148835652 
419063810 
1334121977 
1338051628 
1405768685 
498420948 
1913814050 
209559873 
2127533760 
1517301850 
1525077954 
1693246482 
633439031 
2145056104 
1037720334 
375110989 
175402915 
1017881117 
1827082861 
618033992 
1238822174 
993372120 
751602812 
765852916 
562143214 
368233911 
609973348 
1121769144 
887243149 
576782012 
1255762133 
1036078802 
995845823 
442400462 
226646782 
254130860 
940821410 
2140460832 
463690733 
920871522 
1510279034 
1988768687 
466634357 
2143718066 
1986341143 
1504354691 
371345407 
14260410 
374752161 
50944620 
632294402 
1613574335 
1044316740 
1383897215 
231943603 
1606459954 
1752131126 
841916952 
580745450 
491890628 
1418698964 
1836507584 
1527969430 
267061139 
131424398 
1754616212 
521191999 
1072245809 
1747593396 
984882732 
1993117331 
1110388783 
826167771 
312268040 
1106623201 
665025267 
1816622732 
1477968608 
679285677 
43891245 
1528913229 
1311580080 
1657465580 
425746321 
547993647 
1889409184 
2032206276 
152641125 
583842488 
465468078 
644531753 
2002541452 
154492014 
25017535 
122118944 
285916413 
1779633747 
643310943 
1358162222 
1379743496 
1628193676 
1203795905 
342648631 
306877799 
1516063946 
1449271832 
971903066 
1185203030 
779756792 
1651188744 
1229094275 
161186373 
815285176 
739076207 
586932695 
1363278823 
481001743 
471655323 
1515919948 
1064844231 
937123401 
12968054 
919902036 
1091615416 
37985589 
1042020980 
1377531829 
1817619337 
1685331923 
588210403 
1049879185 
1166041951 
1792006308 
1392527816 
1472919751 
1160586606 
694316000 
297339169 
198305988 
1474072792 
1948527913 
1427400263 
1635259166 
616329441 
18992823 
74708213 
1979608264 
499994566 
546363536 
1348044565 
1564838798 
1483486937 
1361012619 
337257186 
427618705 
1398998208 
1379278166 
1805150534 
1069133897 
917126441 
245877289 
2119013082 
2083168393 
2037883598 
1364057250 
1408604496 
1050986556 
2058373250 
1705943665 
1249292545 
1384962395 
1506987931 
529209160 
872737913 
2123317372 
548201983 
947446126 
1955441989 
1048196550 
1493809662 
1156002906 
465551700 
829812951 
369531877 
802808886 
1257431657 
1768530085 
34603404 
915098543 
690180335 
951729845 
1160975833 
661709769 
887414590 
1051375783 
2025767020 
148535438 
2102362339 
1936656622 
1854479104 
1204171236 
1174135369 
1213983387 
1733380397 
2046873282 
1189817111 
134098732 
846835760 
997775452 
1182295282 
193161774 
6294710 
1647846982 
1022974726 
375826587 
303172220 
132922735 
2144356673 
337775624 
1048021278 
687053360 
1289505470 
61513463 
1348763129 
29436412 
1112889246 
1227046501 
177971851 
1067767938 
1016219476 
2032450955 
124455526 
42871197 
1098950694 
1857835923 
2089744480 
141284157 
1991934656 
789096592 
1139059610 
1026746290 
982258367 
1145354320 
527109625 
2005233093 
1521180908 
830281845 
2138155828 
1518053933 
1168057470 
1038693458 
57623645 
310079292 
1100206922 
1406386774 
339515704 
65612520 
485949628 
517487555 
1133380458 
1502169104 
402454862 
1257835985 
1545040301 
1501405556 
968188260 
1487301133 
1642689714 
812639268 
128914078 
634265676 
1839385559 
1111172445 
1779619996 
219011536 
968921890 
1153317256 
1049293381 
959594070 
523887541 
69867203 
1998287528 
581511186 
379946495 
951010802 
1987897961 
719462200 
1016623323 
326363941 
1236949755 
2520133 
1828533045 
1639404618 
1260356118 
1226089698 
993326526 
81060731 
565907184 
488532592 
893699999 
694821262 
1122798268 
585601910 
1805993707 
754934617 
804613446 
627431949 
1908251873 
1853906828 
1587026019 
284655767 
1923774031 
1437829899 
866166953 
156236879 
241357054 
706581266 
875699079 
1257980377 
1032945207 
2112648834 
1260500510 
713994604 
1604569804 
373372981 
1940084303 
450412683 
454433712 
358507839 
938945275 
1348133711 
1053329101 
2061743544 
1933735622 
711839160 
669194513 
590865420 
1339271109 
429962738 
297288600 
778813480 
714618505 
73578984 
69159731 
1580785459 
229815863 
310516785 
139883077 
1105514942 
1568497162 
1172828285 
1070680128 
681514025 
1886822889 
527766285 
1054887006 
1679423544 
978178968 
1509320718 
2037931383 
1917124243 
709970781 
943776836 
1831384139 
496222755 
1655615996 
353095004 
1087088176 
847403457 
783057743 
1384376776 
1626216937 
1497676248 
1457955760 
1695376669 
930978059 
1687771623 
2005893454 
1070861137 
645802917 
1426906969 
96205774 
1716483046 
2108420994 
1983028663 
96765683 
1015824352 
1514968560 
1074944651 
377661422 
1405416295 
844585246 
1087632203 
201709484 
528485738 
1583854959 
1857325480 
881580742 
523459487 
557245290 
1664638485 
1907836263 
35978579 
1014831086 
1218308376 
1731355248 
1945809145 
758596351 
1589765055 
869186634 
1404399269 
869188376 
965392408 
973398667 
830125722 
800937424 
1070164350 
1845950074 
168422336 
2145109001 
76127848 
1573838631 
842210599 
1163760051 
1775548115 
1370696337 
600131362 
1485389948 
104793432 
1123590849 
2042635238 
1769431917 
883943465 
2078613817 
636779355 
2102251841 
1662485418 
435104853 
713364544 
1104766825 
1304291487 
2117763813 
1973955201 
122200248 
943678832 
656597275 
923137672 
2013843182 
355063701 
1091560008 
2011468535 
431191549 
517914991 
706195487 
1594951600 
145979459 
2076891824 
47599315 
1631369407 
34201608 
1171190164 
1526520997 
1803633526 
2055133629 
1457651166 
292929233 
2009901822 
972652936 
728034086 
575782719 
2077419761 
2032325574 
546062884 
1903891314 
7042174 
1489741717 
413004941 
930179846 
1356101251 
768068642 
2021739854 
1220086139 
1199260191 
392171197 
1926281626 
646728144 
538150656 
1855689802 
694327459 
22036415 
1889891411 
1865517623 
1548557412 
1546041289 
1773167605 
858724931 
1838970522 
1635585779 
1831377867 
419520961 
63884850 
1761313981 
304362887 
609947735 
1517721647 
311405061 
2099689452 
1930726589 
1241584907 
1308307055 
551311583 
1115841113 
380909546 
1750571775 
1508012310 
159707524 
249816271 
2046162967 
2015397327 
944143730 
2068199382 
1757805090 
662177705 
1469273147 
1156362731 
287861662 
180514430 
847849605 
1923447442 
2011892297 
1267370566 
1987332292 
1625722630 
1571733453 
449796379 
995960630 
1883138514 
402002183 
779203571 
977239773 
1710309239 
1330515154 
2093080886 
2091218785 
933603281 
1453609549 
103442662 
1183419552 
1352288868 
2118839989 
2127563282 
1273004602 
1729161431 
642257340 
594794101 
738040514 
930119002 
775308531 
1585890119 
706082796 
639717181 
705777038 
545931441 
117956163 
130026843 
995727820 
1113916793 
2013165358 
1397730004 
1893120364 
842921483 
960555595 
1076151871 
788518722 
904290732 
2009755152 
94644623 
1007733394 
1045691057 
1446933491 
979089735 
1025770691 
572454445 
560767518 
1668028031 
1167248547 
1298808032 
450663386 
1942557078 
737214504 
1156746182 
434790611 
1442991542 
1702677623 
552746775 
1573018385 
550921796 
1666663568 
1438700095 
1948651800 
1412300285 
134137931 
761723747 
340968508 
922656653 
1666014479 
203240012 
1017301276 
526264226 
1248931069 
316751119 
1505353961 
127218113 
889205564 
2066121480 
1795246144 
2056454111 
1217445864 
98425882 
1851527542 
1954660368 
1255172065 
138834505 
1250168262 
810366040 
691581280 
675703000 
1361287836 
210761201 
2114403095 
1162455988 
1623061486 
101057378 
1924179735 
1964029994 
1023714031 
1442710567 
19786358 
2041015307 
1968974793 
1268717428 
210282778 
1326845106 
1395935541 
1099488343 
1245482938 
1043698037 
1008458806 
315445155 
1142123920 
712502700 
122621875 
249812337 
851337206 
1372790138 
1060178377 
1542918486 
2048493138 
273982566 
1753679687 
2015412585 
1436438554 
1229257525 
2116469964 
1213134642 
1045803871 
992700347 
508361561 
1065590230 
886232007 
329852706 
186824010 
1096514785 
1656697812 
1582759551 
48519480 
754697103 
478973940 
1056978287 
1070142258 
1621097860 
1769480987 
1192764133 
1870910197 
473334545 
418070623 
783604927 
2016253032 
319080113 
1057587493 
1622449071 
187009051 
346542399 
704222949 
155995367 
1559677041 
1750026820 
1148695714 
2068038602 
668133402 
2034927721 
250407660 
854957412 
983958859 
1907105473 
290233315 
1032478339 
514318928 
769207256 
2089456626 
1584461186 
242821468 
1711453966 
629741671 
2113731666 
37304863 
1047812295 
749852945 
2053557895 
1366892408 
1807440438 
1528523319 
1553901459 
6499189 
85262620 
1709896826 
1566176231 
1835289440 
711108893 
1486731185 
355939195 
598552966 
1737138846 
1210896607 
1582511825 
1496760671 
1501129923 
467506517 
2011079599 
122853531 
409479495 
1448057137 
365674999 
2120933461 
2077798808 
331923017 
10754677 
978127455 
1081775962 
2064312572 
197536216 
741732752 
1445352243 
1751437675 
748231942 
1530614863 
1313850854 
166924525 
1218420656 
2024959747 
1653655710 
1574359851 
476029065 
1243310908 
637772810 
2058540891 
592587931 
2138902733 
378563760 
456183882 
114272616 
788043255 
1904241019 
479947616 
761493069 
1834556180 
811870633 
772247746 
665199987 
1893646596 
689076670 
862736203 
487895700 
2134428914 
466690231 
1236127642 
1517560129 
1780541085 
1403052167 
588497137 
1658017184 
909224230 
15373340 
2134046249 
5051490 
653146151 
2045103492 
597639422 
644565236 
276183604 
1053823304 
758837853 
1064226860 
810580676 
1238785469 
1825719929 
497653208 
2050656102 
450484027 
1162853195 
1796819050 
1139560697 
2025589399 
137231103 
1126505963 
344795982 
1373358745 
496582445 
2125337067 
628927265 
1085079582 
1635870603 
1538151495 
1100452923 
1622433204 
1543202985 
1753599074 
1520053049 
2140842407 
250680662 
1796236653 
1047182064 
1009518515 
712979865 
1857762740 
100820336 
391216146 
207932300 
3992791 
841700173 
1370785495 
1800811841 
1981260871 
1248891246 
1938042944 
960283186 
1593687228 
1163918042 
1456865631 
1571540647 
1792845307 
394461566 
1059927602 
1183513154 
1494914489 
534877159 
579232491 
1101029915 
2054930208 
572591251 
1351710577 
1703683213 
1619773315 
213745445 
269179431 
1330052407 
314565781 
660395577 
1537984707 
318558572 
1502095751 
761286554 
2119370414 
1335872974 
2010177801 
1909929710 
148672512 
1456381381 
926364104 
1605538144 
880438381 
571725763 
1999999710 
1940365983 
1755238917 
1347430551 
327759494 
186987761 
300976818 
235206054 
759579012 
1652687395 
1938889268 
231868679 
1866432840 
60585051 
1561921086 
33514974 
720980628 
952422145 
352073546 
75592731 
1713708699 
323960312 
1411465705 
1576402852 
86406375 
1560138218 
885300586 
1012770479 
1018192714 
1765738967 
1584496243 
870708776 
1558621302 
1192251512 
70655679 
1886380797 
1379239273 
371632497 
2121586851 
2138818285 
2024319892 
1912992471 
223203316 
1743269085 
1973577522 
1785124402 
1776784059 
547074503 
590062899 
2128857605 
622667234 
156287951 
305334270 
2034132940 
1732690803 
391740645 
1446787510 
470507741 
1404511124 
317496576 
88763060 
841523719 
1188205352 
1647384363 
2033775232 
1258861031 
1386281512 
1265530857 
1630493528 
1360384715 
1256865495 
1507329772 
1125893539 
1480068811 
1103115209 
951987413 
1117709566 
732415620 
1499061916 
1707772465 
713789578 
2121729151 
1864060416 
1019123848 
2008378443 
1449267572 
1410864493 
1307682305 
1919775313 
667891969 
1625178881 
2008538374 
1509415689 
665900585 
1508439089 
1395707273 
