1189501956
1362347601
1329908501
655726468
294870586
474209812
623718920
767687996
690722019
1056128276
1302371589
234429101
1582149522
1440392099
1121052247
661718325
846373332
1737373688
1745383964
916128813
1647617633
166664453
563323293
1835632164
1463975105
1429225494
1572698803
263540235
1066339881
1738689052
1462687002
108358189
953553005
645111855
764084658
1248423591
1119321667
1387803578
2016111587
1810043686
296448206
1170999529
2044472787
1878597728
463907980
1018041387
392832405
1310281312
607931427
2138216369
78926477
108065413
157397175
642249770
1943697577
1621372280
2071475264
1368912732
1884912515
990331498
960118136
1200115869
1098689687
1913671141
1845227724
1862774345
1014611085
817065744
1103094275
883239024
479625782
1399542481
2054238553
376614922
1130656561
370662885
1394656309
1523488967
1680944197
2002587736
1514221688
1759870674
2110653149
1671618863
254636796
1906867078
1145507495
178628413
1128296163
882936362
1168959911
2088414299
2083052231
120165950
1854601793
1780796308
1982940296
721729230
450378404
938550923
1604968254
930004186
190609757
1511723160
1306619108
1321266318
1882386045
553791769
697271637
1415846595
408895858
64009678
1028233621
372065359
1735628541
1282870418
131448790
733652389
1461498831
1259744953
1616588751
482975094
1200675604
1552157335
603141044
907793749
1185469995
438597692
1629522979
1635848399
1377148616
1087007586
418368937
1567758373
451247098
1724988046
741541043
186149495
131296167
1438812681
1601996090
540192025
1502822359
482746064
912257385
1090967252
1765616482
1043706175
1824619641
1079631665
155967480
1293724745
1562606759
1356643084
698398432
18264155
116953186
1883868427
456861848
1746476165
1372233178
1834010464
686000103
1790602115
1254285189
1137247201
1368106513
1995826232
1323396697
1499402681
1287155265
777909139
2039594706
642493976
1260655203
804368443
1733461229
878788037
1848074618
1410597222
1958419702
2004042098
556838319
1373542813
1213201535
1255236751
1391806969
1330154721
991621530
1848668817
929147238
216371060
1535195633
1615147342
2006973176
641997174
604910895
1227596041
490339758
1928307592
579515074
1777495024
558733084
471626133
272505352
1819388287
1275994576
2005966581
550692677
976585547
1269080156
361628731
833143997
1825918475
1735171545
2046345532
933671579
979494866
1229016605
1925293109
680680035
10680196
2141664170
68392020
1625827538
2001153698
710389194
83254785
1081266091
1200728952
2011562378
1660781166
830740328
422811814
2132407299
1103245681
94716453
1260918227
961728614
645409130
90020126
83325122
1007037862
923164124
1909243598
594725759
822026008
695431529
1574220625
2051042614
473240990
107417012
2061722810
467421512
175809032
1540066700
321091562
886198226
1623321485
1402357654
2086927178
1487400215
915655172
770183859
1910212029
900578823
1873429540
2004928483
14013402
687674506
502853965
104033529
770999629
1509891827
1027197653
532759579
2104617586
1849223661
1228191108
1531354563
1752782627
1701432098
1638771575
1667021789
21369963
1814580607
1059604841
342461525
553295185
535442679
1744819179
492738716
2022842894
512990703
1262922575
1785571276
1413569526
988868467
1643016111
1427582929
1676542973
2145870076
1531616458
300058954
1508278256
411330463
832818533
1465412194
113070476
2061009641
849283110
1865853104
1614958092
340571037
1385391245
1636328055
7667997
297512439
1978789580
560963182
832955118
1576125112
1053701898
708314364
2089115815
169140825
346401992
1355201694
1158009292
1989418103
635300975
687068618
1987804532
19433785
987127572
1348599140
430764248
1819946106
666527686
543834724
1733472099
1515810796
262204180
1200946543
1856381834
1647595426
689790950
1864049831
1945107865
521096883
277529365
630579335
2097221995
1331231264
1338893699
2038854162
1500372089
1685295692
1246572208
510897734
1527230147
1881873183
1197966352
1367551031
1901306968
37610276
568666523
184587568
1857556382
1235194210
728422293
1443544834
603521358
990626473
497007729
312419544
490738251
1186798680
28985727
288362468
1707895563
306515093
918941803
1657633910
1637746357
110351855
1549004424
990634798
1795647547
648092985
1501532532
1175394046
382482520
552015236
395461430
136305841
589625513
964127953
320893409
299698247
51838515
1049315702
1743243081
655359874
2039942176
92767163
967779418
383196779
1279565843
996765146
671559248
839977758
1303280239
1590501051
350128020
793542948
1700852906
1899132444
1784177746
1349016805
399741781
1138226631
376927204
782224302
1690241867
772388634
918530143
132383732
1736516587
1239423552
432081980
1788355103
141255607
27841413
296231329
33714135
120608576
1264010747
416910914
1400174419
113292245
1088470162
92668529
1416572484
531487566
442796549
62631784
84856824
194445346
1846809531
1433873630
594187127
837552514
1810800834
1376411429
380310733
435705820
147457924
512694466
24738759
1386881477
944776446
1813093862
1528137084
972617859
2109325191
1561851219
1093226436
1225852291
1978762133
345917207
1339144536
919748648
438585737
608233373
1451236214
881382286
670865157
1536093038
1075827632
370191040
822483020
1670014760
1207743554
485800206
898942541
1588054288
921506026
1046400466
2100748754
946244786
285798295
898041552
611855000
1813935379
1870659411
573696544
1228302950
816402199
1799548835
1059581435
1162319407
991209723
1979330083
1600905144
1599443096
1283082649
334803782
122824606
671692040
1410631415
493015646
1494175060
933162527
1700759201
1979975267
1832105068
1141329841
753997645
731021886
1094594947
1700242431
1016820181
1992636499
164613784
683271912
1715812262
738310328
1911574862
384730814
390375515
823672650
1547050221
1381585238
655519085
1000471717
833544687
1938601735
1335275499
956369293
462810127
598423266
1449384939
1956985187
1531585793
1002660492
1789476806
1216207214
2143990333
395990804
1947229100
1091101632
2096233235
816565634
936254483
113363371
1499837546
504583098
851673699
1263928761
889313912
1242049214
2087601411
288880485
476150805
595636848
1289352202
1309695492
386754935
477144053
118581137
849565062
1075567320
1567966076
659066602
459669465
423142921
301059760
1675876679
419649606
697050564
1475622132
1510751239
645800152
144704118
299522074
759163523
1644541664
804105172
1610837223
760986777
1693419084
705402789
701104540
1982299569
1181553594
1296741389
1124168123
343765438
1683496324
1601312177
462346575
385577739
529395849
2030312652
1044644341
989065314
305971925
1345704101
517458346
725621531
2042754666
1993080478
88889122
541071170
2137784596
388411197
1300234693
1634842612
1192516369
763588268
248345742
738451806
1468991058
949450282
573267727
503061004
98708023
1697435851
846826443
1782204348
1151264380
1309173018
20298439
1680660229
1192002022
1064942780
522241895
1497973947
263163233
1039700241
76111831
158434251
885297071
165000953
699505421
875598019
553412150
1999740115
362956984
1745928520
615844735
611302726
336896678
2084835793
1560753008
910164405
440413150
1659461032
460116608
1287239593
1294181732
1611380988
448928963
1314480171
1144557569
1640930986
231939303
1666799465
991421285
495102536
559016058
1067533116
653536788
1444313130
1232534070
1353042209
172427501
1785946220
1205298676
535384485
1384391092
1821143412
1146687211
1721287770
1758495557
559956572
483968528
51425059
71933956
944085136
1338664652
1366115688
407982477
1787593616
533112211
1552540046
1281040954
765051514
1071855863
124978591
1260154050
1630871922
1192511708
1913690838
927701404
277562130
1119249400
1100128905
2063508350
177064428
1635513391
1300415795
1998207840
634716954
874219917
1609219750
1194673526
1358188445
1660644809
1266607482
154789934
851825814
485239522
562772411
491935782
1018351733
2115312457
1772976736
1783403247
1039684673
1897955327
896073650
523072947
942983387
662280840
1450774351
1220545517
1781530240
403419608
1136570220
1958594669
2038932999
289502367
1809318861
526166306
1163722284
1271054963
1720839832
374427082
784216125
839963667
529217016
1636041939
1325203189
1091989427
2127977721
196071275
1059818236
1753470809
1979474522
2099502909
1503942488
728064524
475092208
299442228
1390345365
1925866559
1519987745
1024391957
181802520
509074317
835502978
73251871
798576684
497338192
599418177
1962298969
1768393155
172774362
189242403
405125632
1012738029
718459419
2041167571
190457570
1810448846
2021661644
386528845
722783434
1627648805
218519720
674802696
984107646
946584244
1149894904
1283549874
189445961
928277816
656053971
1213837919
1110080336
1165128289
2049340897
1183332207
1963704973
399195441
1782750385
1778520294
20104949
1955524747
1967762697
425230581
820779128
538738468
318914505
1011236698
201703666
193092501
1397765544
924487101
1820741307
1616285264
1599289797
657365305
415385860
601701053
1940915179
604831822
1529978869
449485502
1818669741
492575557
1614613791
1720526990
1675907765
1430835117
2119722432
1311174502
1061871763
2139827381
1119215601
882150813
417574314
1939994729
1420889281
736488819
803747779
1622592948
929581321
54029675
399596401
602838980
1670314939
1998886198
1260204285
2085700800
453103603
1053635816
543048974
1983082473
1503121318
214235067
328174382
970251462
1934762057
2004082147
253602931
1907000841
1167773001
1315474694
1899344574
139504954
50141859
169435241
2079499683
1471031141
905924060
735763815
946140441
1835505381
789793490
1345736842
290860713
312624782
1197139392
1551064998
250841934
1650242995
457217166
793890908
1485841820
1960338485
1008125975
1814016203
783106299
795404384
1670614702
1036709230
554921578
690904056
204700276
306782504
830409010
254842136
476217745
762425046
1725873277
1382141806
1498188861
524530070
1070163539
140498703
1870266912
1361024253
453123485
919922656
764605603
703965419
422682003
1221822770
1497856327
1908523824
1034677607
358498654
1575056379
1817783906
1153903039
1098187433
707009488
1708824617
1789091489
911709764
2015607121
472016852
1166551900
344341219
1234441898
744941529
1726483025
585147111
1269471599
649162916
725645814
992254863
2010187169
1178769300
1912177519
627309125
1882734719
187375875
1849131895
1233107399
2095899699
736325854
1591606053
1523472430
406626112
598025444
474176215
1113635600
159366413
115784057
2025345364
27489887
587800909
1044413617
371831106
1822242807
1789355146
2098314131
259906270
911343098
599993399
985552084
1903597961
462696921
16837736
1668291833
1090006046
1899572456
1855667708
791654293
985196207
1804083759
1527980147
429318612
1180072541
1934606259
1027344057
1654248756
900758211
1186710470
1770032813
778619927
1214200357
210350074
1823033544
1586031463
2032592881
1464905043
1536861946
145015503
228764493
2136855346
1130567588
2132362454
452068619
1147405324
1653170639
1542074665
899494132
1361354699
186245310
1884690339
1017954810
1714225457
166525304
50543703
1501348068
1193869361
1704792460
254622631
233096183
